000000000000000000000000000000000000000000000000000000000000000000000000000000000000
000000000000000000000000000000000000000011110000000000000000000000000000000000000000
000000000000000000000000000000000000001111111000000000000000000000000000000000000000
000000000000000000000000000000000001111110111000000000000000000000000000000000000000
000000000000100000000000000000000001111111111100000000000000000000000000000000000000
000000000000100000000000000000000000111111111100000000000000000000000000000000000000
000000011100101010111001000011111111111111111100000000000000000000000000000000000000
000000110100101101101011010000110000011111111100000000000000000000000000000000000000
000000100101101001001010010010110000011111111100000000000000000000000000000000000000
000000100001001001000010010100100000000011111100000000000000000000000000000000000000
000000100001011001000010010100100000000001111000000000000000000000000000000000000000
000001101001010011010010110100100111100001111000000000000000000000000000000000000000
000001001011010010010100100101100111100001111000000000000000000000000000000000000000
000001111010010011110111101101001111100011111000000000000000000000000000000000000000
000000000000000000000000000000001111100011111000000000000000000000000000000000000000
000001110011100000111000001110001111110011110000111000000001111000000111000010000000
000011111111111001111100011111001111110011110011111100000011111110001111111111100000
000011111001111001111100011111001111000011110011111110000111100110001111111111100000
000011110000111001111000011110011111000111110111111110001111000110001111000111110000
000011110000111001111000011110011110000111101111111110011110001111011111000111110000
000011110000111001111000011110011110000111101111111110011110001111111111000111110000
000111110001111011111000111110011110000111111111111100111110001111011111000111100000
000111100001111011110000111100011110001111111110111100111100000110011110000111100000
000111100001111011110000111100111110001111111110111100111110000110011110000111100000
000111100001111011110000111100111100001111111101111100111110001110011110001111100010
001111100011110011110000111100111100001111111101111100111100001100111110001111000010
001111100011110111110001111100111100011111111001111000111100011100111100001111000100
001111100111100111111111111011111111111111111001111111111111111000111100001111111100
001111111111000011111101111111111111101111110001111111111111110000111100001111111000
001111011110000001111001111000011110000111100000111111001111100000111100000111110000
011111000000000000001111111000000000000000000000000000000000000000000000000000000000
011110000000000000011011111000000000000000000000000000000000000000000000000000000000
011110000000000000110011110000000000000000000000000000000000000000000000000000000000
011110000000000000100011110000000000000000000000000000000000000000000000000000000000
011110000000000000110111110000000000000000000000000000000000000000000000000000000000
000000000000000000111111100000000000000000000000000000000000000000000000000000000000
000000000000000000011111000000000000000000000000000000000000000000000000000000000000
000000000000000000000000000000000000000000000000000000000000000000000000000000000000
