1111111111111111111111111111111111111111
1111111111111111111111000000000000000011
1111111111111111111100000000000000000001
1111111111111111111100001100000000000001
1111111111111111111100001100000000000001
1111111111111111111100000000000000000001
1111111111111111111100000000000000000001
1111111111111111111100000000000000000001
1111111111111111111100000000000000000001
1111111111111111111100000000000000000001
1111111111111111111100000000001111111111
1111111111111111111100000000011111111111
1111111111111111111100000000000000011111
1111111111111111111100000000011111111111
1011111111111111110000000000111111111111
1001111111111111110000000000111111111111
1001111111111110000000000000111111111111
1000111111111000000000000000001111111111
1000111111110000000000000000000111111111
1000001111100000000000000000110011111111
1000000111100000000000000000110011111111
1000000001000000000000000000111111111111
1000000000000000000000000000111111111111
1000000000000000000000000000111111111111
1100000000000000000000000000111111111111
1110000000000000000000000001111111111111
1111100000000000000000000011111111111111
1111100000000000000000000011111111111111
1111110000000000000000001111111111111111
1111111000000000000000011111111111111111
1111111110000000000000111111111111111111
1111111110000000000000111111111111111111
1111111111100000110000111111111111111111
1111111111100011111100111111111111111111
1111111111100011111100111111111111111111
1111111111101111111100111111111111111111
1111111111101111111100111111111111111111
1111111111100011111100001111111111111111
1111111111100011111100001111111111111111
1111111111111111111111111111111111111111
