000000000000000000000000000111111111111111111111111111111100000000000000000000000000
000000000000000000000000000100000000011110000001111000000100000000000000000000000000
000000001000000000000000000101110111011110111101111011100100000000000000000100000000
000000011100000000000000000101110111011110111101111011100100000000000000001110000000
000000111110000000000000000101110111011110111101111011100100000000000000011111000000
000001111111000000000000000101110111011110111101110011100100000000000000111111100000
000001111110000000000000000101110111000000111100000111100100000000000000011111100000
000011111100000000000000000101110111111111111111111111100100000000000000001111110000
000111111100000000000000000101110111111111111111111111100100000000000000001111111000
000111111000000100000000000101110111111111111111111111100100000000000000000111111000
001111110000000110000000000101110111111111111111111111111100000000011000000011111100
001111110000001111000000000101110111111111111111111011011100000000111100000011111100
001111100000011111100000000111111111111111111111111001011100000001111110000001111100
011111100000111111100000000111111111111111111111111111111100000001111110000001111110
011111000000111111000000000111100000000000000000000000111100000000111111000001111110
011111000000111110000000000000100000000000000000000000100000000000011111000000111110
011111000001111110000000000001100000000000000000000000100000000000011111100000111110
111111000001111100000000000111100000000000000000000000111100000000011111100000111111
111110000001111100000000000001100000000000000000000000110000000000001111100000111111
111110000001111100000000000000100000000000000000000000100000000000001111100000011111
111110000011111100000000000111100000000000000000000000111100000000001111100000011111
111110000011111100000000000111100000000000000000000000111100000000001111110000011111
111110000011111100000000000000100000000000000000000000100000000000001111110000011111
111110000011111100000000000000100000000000000000000000100000000000001111100000011111
111110000001111100000000000111100000000000000000000000111100000000001111100000011111
111110000001111100000000000111100000000000000000000000111100000000001111100000111111
111111000001111100000000000000100000000000000000000000100000000000011111100000111111
011111000001111110000000000001100000000000000000000000100000000000011111100000111110
011111000000111110000000000111100000000000000000000000111100000000011111000000111110
011111000000111111000000000001100000000000000000000000110000000000111111000001111110
011111100000011111100000000000100000000000000000000000100000000001111110000001111110
001111100000011111100000000111100000000000000000000000111100000001111110000001111100
001111110000001111000000000111100000000000000000000000111100000000111100000011111100
001111110000000110000000000001100000000000000000000000100000000000011000000011111100
000111111000000100000000000000100000000000000000000000100000000000000000000111111000
000111111100000000000000000111100000000000000000000000111100000000000000001111111000
000011111100000000000000000111100000000000000000000000111100000000000000001111110000
000001111110000000000000000000100000000000000000000000100000000000000000011111100000
000001111111000000000000000001100000000000000000000000100000000000000000111111100000
000000111110000000000000000111100000000000000000000000111100000000000000011111000000
000000011100000000000000000001100000000000000000000000110000000000000000001110000000
000000001000000000000000000000100000000000000000000000100000000000000000000100000000
000000000000000000000000000111111111111111111111111111111100000000000000000000000000
000000000000000000000000000111111111111111111111111111111100000000000000000000000000
