000000000000000000000000000000000000000000000000
000000000000000000000000000000000000000000000000
000000000000000000000000000000000000000000000000
000000000000000000000000000000000000000000000000
000000000011111111111110011111111111110000000000
000000000011111111111110011111111111110000000000
000000000011111111111110011111111111110000000000
000000000011111111111110011111111111110000000000
000000000011111111111110011111111111110000000000
000000000011111111111110011111111111110000000000
000000000011111101111110011111101111110000000000
000000000011111101111110011111101111110000000000
000000000011111101111110011111101111110000000000
000000000011111101111110011111101111110000000000
000000000011111101111110011111101111110000000000
000000000011111101111110011111101111110000000000
000000000011111101111110011111101111110000000000
000000000011111101111110011111101111110000000000
000000000011111101111110011111101111110000000000
000000000011111101111110011111101111110000000000
000000000011111101111110011111101111110000000000
000000000011111101111110011111101111110000000000
000000000011111101111110011111101111110000000000
000000000011111101111110011111101111110000000000
000000000011111101111110011111101111110000000000
000000000011111101111110011111101111110000000000
000000000011111101111111111111101111110000000000
000000000011111101111111111111101100110000000000
000000000011111101111111111111101100110000000000
000000000011111101111111111111101100110000000000
000000000011111101111111111111101111110000000000
000000000011111101111111111111101111110000000000
000000000000000000000000000000000000000000000000
000000000000000000000000000000000000000000000000
000000000000000000000000000000000000000000000000
000000000000000000000000000000000000000000000000
000000000000000000000000000000000000000000000000
000000000000000000000000000000000000000000000000
000000000000000000000000000000000000000000000000
000000000000000000000000000000000000000000000000
001000100000000000000111100000000100000000000000
001001101001001000100100111000110111100110011100
000101101010001001010100101010010110101001010100
000110101010001000000111000110010100101001010100
000000101011101001110100000100010100101110010100
000000000000000000000000000100000000000000000000
000000000000000000000000001000000000000000000000
000000000000000000000000000000000000000000000000
